# N jobs:
7
# M tools:
10
# K slots:
3

List of jobs:
0, 6, 3
4, 7, 2
7, 3, 1
3, 0
6, 5, 8
0, 2
1, 5, 3

Setup costs:
0, 20, 14, 13, 15, 15, 17, 6, 9, 14
3, 0, 6, 16, 14, 18, 8, 9, 12, 11
14, 17, 0, 16, 8, 12, 8, 5, 21, 11
5, 14, 11, 0, 2, 16, 14, 3, 13, 11
10, 12, 9, 12, 0, 19, 12, 1, 17, 9
8, 5, 11, 14, 2, 0, 13, 3, 17, 2
10, 22, 14, 17, 12, 17, 0, 13, 15, 3
9, 16, 8, 11, 13, 18, 11, 0, 18, 8
9, 11, 9, 4, 6, 6, 12, 1, 0, 8
10, 19, 11, 22, 16, 14, 13, 11, 19, 0

# Name of the instance:
TI_Ins7_7_10_3